Port,Traffic Projection,Traffic Achievement,Traffic Percentage,Total Capacity Projection,Total Capacity Achievement,Total Capacity Percentage
Kolkata,1343,1223,9100,3145,1635,5100
Haldia,4450,3101,7000,6340,5070,7900
Paradeep,7640,5425,7100,10640,7650,7100
Visakhapatnam,8220,6742,8200,10810,7293,6700
Ennore,4700,1496,3200,6420,3100,4800
Chennai,5750,5571,9700,7230,7972,11000
Tuticorin,3172,2810,8900,6398,3334,5200
Cochin,3817,2010,5300,5475,4098,7400
NMPT,4881,3294,6800,6050,5097,8400
Mormugao,4455,3900,8800,6690,4190,6200
Mumbai,7105,5618,7900,9191,4453,4800
JNPT,6604,6575,10000,9560,6400,6600
Kandla,8672,8250,9500,12220,8691,7100
